volts: 0.000000, amps: 0.000000, aoa: 0.000000, rpm: 0, airspeed: 0.000000, hotwire: 0.000000, lift: -0.000114, drag: -0.000434, pitchMoment: -0.000723, timestamp: 2017-11-24 23:03:56.925166, "configuration comment"
volts: 0.000000, amps: 0.000000, aoa: 0.000000, rpm: 0, airspeed: 0.000000, hotwire: 0.000000, lift: 0.000058, drag: -0.000442, pitchMoment: 0.000309, timestamp: 2017-11-24 23:04:44.666108, "new comment"
